   0.0000000e+00   7.4810000e+01   2.6150000e+02   3.9670000e+02   3.2940000e+01   8.5790000e+00   9.0250000e+01   6.2800000e+01   6.2800000e+01   4.0380000e+01   9.8480000e+01   1.6400000e+02   5.2740000e+01   1.5840000e+02   7.9990000e+02   2.0280000e+02   7.2060000e+00   5.4220000e+01   1.1560000e+02   1.7710000e+02   3.5570000e+03   2.2000000e+04
   7.4810000e+01   0.0000000e+00   5.1470000e+01   8.8530000e+01   3.6720000e+01   3.1230000e+01   2.9780000e+01   3.7750000e+00   3.7750000e+00   1.2780000e+01  -5.4900000e+01   1.3690000e+02   8.2280000e+01   1.3460000e+02   4.5950000e+02   1.3250000e+02   5.9710000e+01   1.1670000e+01   6.0390000e+01   0.0000000e+00   4.3240000e+03  -6.5620000e+03
   2.6150000e+02   5.1470000e+01   0.0000000e+00  -3.0570000e+02   1.4520000e+02   1.7430000e+02   1.0330000e+02   6.1770000e+00   6.1770000e+00   1.0190000e+02  -2.2650000e+02   1.8430000e+02   3.6540000e+02   1.9390000e+02   4.2550000e+02   4.1520000e+02   1.7670000e+02   1.1840000e+02   1.0360000e+02   3.9120000e+01   9.7140000e+02   0.0000000e+00
   3.9670000e+02   8.8530000e+01  -3.0570000e+02   0.0000000e+00   2.6390000e+02   3.3320000e+02   1.5890000e+02   7.9610000e+01   7.9610000e+01   1.7710000e+02   1.7840000e+01   2.8790000e+02   2.6390000e+02   3.0510000e+02   6.8290000e+02   2.2650000e+02   3.1950000e+02   5.0790000e+01   0.0000000e+00   0.0000000e+00   0.0000000e+00   0.0000000e+00
   3.2940000e+01   3.6720000e+01   1.4520000e+02   2.6390000e+02   0.0000000e+00   1.3040000e+01   6.7260000e+01   1.3930000e+02   1.3930000e+02   3.6370000e+01   4.0150000e+01   1.3730000e+02   3.7900000e+01   1.8120000e+02   7.0420000e+02   1.5610000e+02   1.4690000e+01   5.2840000e+01   0.0000000e+00   0.0000000e+00   2.2650000e+03   0.0000000e+00
   8.5790000e+00   3.1230000e+01   1.7430000e+02   3.3320000e+02   1.3040000e+01   0.0000000e+00   4.1180000e+01  -3.0880000e+00  -3.0880000e+00   8.5790000e+00   1.0290000e+01   1.3550000e+02   6.1590000e+01   1.5720000e+02   0.0000000e+00   1.3760000e+02   7.5490000e+00   2.6420000e+01   0.0000000e+00   0.0000000e+00   2.3330000e+03   0.0000000e+00
   9.0250000e+01   2.9780000e+01   1.0330000e+02   1.5890000e+02   6.7260000e+01   4.1180000e+01   0.0000000e+00  -1.3380000e+01  -1.3380000e+01   2.9170000e+01  -2.6420000e+01   1.0260000e+02   1.8520000e+02   2.1960000e+01   2.8550000e+02   2.8480000e+02   2.0250000e+01   8.5790000e+00   1.0290000e+00   6.1770000e+00   2.2680000e+03  -7.3260000e+03
   6.2800000e+01   3.7750000e+00   6.1770000e+00   7.9610000e+01   1.3930000e+02  -3.0880000e+00  -1.3380000e+01   0.0000000e+00   0.0000000e+00   3.4310000e+01  -1.0570000e+02   1.1010000e+02   2.8400000e+02   1.0290000e+00   1.0720000e+03   3.7750000e+02   6.5200000e+01  -7.0690000e+01   2.1750000e+02   3.4310000e+00   5.4350000e+02  -4.1310000e+03
   6.2800000e+01   3.7750000e+00   6.1770000e+00   7.9610000e+01   1.3930000e+02  -3.0880000e+00  -1.3380000e+01   0.0000000e+00   0.0000000e+00   3.4310000e+01  -1.0570000e+02   2.6730000e+02   7.1810000e+02   1.0290000e+00   1.0720000e+03   5.4900000e+02   1.9900000e+02   0.0000000e+00   0.0000000e+00   0.0000000e+00   1.3400000e+03  -4.1310000e+03
   4.0380000e+01   1.2780000e+01   1.0190000e+02   1.7710000e+02   3.6370000e+01   8.5790000e+00   2.9170000e+01   3.4310000e+01   3.4310000e+01   0.0000000e+00  -5.0100000e+01   1.3010000e+02   1.7950000e+02   1.2080000e+02   4.4610000e+02   2.3200000e+02   3.5340000e+01   2.7110000e+01  -2.9850000e+01   5.1470000e+01   4.2110000e+03   0.0000000e+00
   9.8480000e+01  -5.4900000e+01  -2.2650000e+02   1.7840000e+01   4.0150000e+01   1.0290000e+01  -2.6420000e+01  -1.0570000e+02  -1.0570000e+02  -5.0100000e+01   0.0000000e+00   9.1280000e+01   1.0090000e+02  -1.6130000e+01   4.1180000e+02  -3.1400000e+02  -3.8430000e+01   0.0000000e+00   0.0000000e+00  -2.9170000e+01   2.4400000e+02   0.0000000e+00
   1.6400000e+02   1.3690000e+02   1.8430000e+02   2.8790000e+02   1.3730000e+02   1.3550000e+02   1.0260000e+02   1.1010000e+02   2.6730000e+02   1.3010000e+02   9.1280000e+01   0.0000000e+00   9.8420000e+01   1.3490000e+02   4.6960000e+02   2.6590000e+02   7.3090000e+01   5.9710000e+01   2.3680000e+01   8.7850000e+01   5.5930000e+02   0.0000000e+00
   5.2740000e+01   8.2280000e+01   3.6540000e+02   2.6390000e+02   3.7900000e+01   6.1590000e+01   1.8520000e+02   2.8400000e+02   7.1810000e+02   1.7950000e+02   1.0090000e+02   9.8420000e+01   0.0000000e+00   3.1950000e+02   1.0440000e+03   6.5200000e+01   8.8530000e+01   1.2520000e+02   4.5570000e+02   0.0000000e+00   2.5740000e+03   0.0000000e+00
   1.5840000e+02   1.3460000e+02   1.9390000e+02   3.0510000e+02   1.8120000e+02   1.5720000e+02   2.1960000e+01   1.0290000e+00   1.0290000e+00   1.2080000e+02  -1.6130000e+01   1.3490000e+02   3.1950000e+02   0.0000000e+00  -7.7210000e+01   1.4580000e+02   0.0000000e+00   0.0000000e+00   0.0000000e+00   0.0000000e+00   6.0390000e+02   0.0000000e+00
   7.9990000e+02   4.5950000e+02   4.2550000e+02   6.8290000e+02   7.0420000e+02   0.0000000e+00   2.8550000e+02   1.0720000e+03   1.0720000e+03   4.4610000e+02   4.1180000e+02   4.6960000e+02   1.0440000e+03  -7.7210000e+01   0.0000000e+00   0.0000000e+00   0.0000000e+00   0.0000000e+00   0.0000000e+00   0.0000000e+00   3.0880000e+01   0.0000000e+00
   2.0280000e+02   1.3250000e+02   4.1520000e+02   2.2650000e+02   1.5610000e+02   1.3760000e+02   2.8480000e+02   3.7750000e+02   5.4900000e+02   2.3200000e+02  -3.1400000e+02   2.6590000e+02   6.5200000e+01   1.4580000e+02   0.0000000e+00   0.0000000e+00   1.5130000e+02   1.6300000e+02   6.3000000e+02   4.8310000e+02   8.3080000e+02   0.0000000e+00
   7.2060000e+00   5.9710000e+01   1.7670000e+02   3.1950000e+02   1.4690000e+01   7.5490000e+00   2.0250000e+01   6.5200000e+01   1.9900000e+02   3.5340000e+01  -3.8430000e+01   7.3090000e+01   8.8530000e+01   0.0000000e+00   0.0000000e+00   1.5130000e+02   0.0000000e+00   1.7160000e+01  -1.3040000e+01  -4.4950000e+01   1.6320000e+03   0.0000000e+00
   5.4220000e+01   1.1670000e+01   1.1840000e+02   5.0790000e+01   5.2840000e+01   2.6420000e+01   8.5790000e+00  -7.0690000e+01   0.0000000e+00   2.7110000e+01   0.0000000e+00   5.9710000e+01   1.2520000e+02   0.0000000e+00   0.0000000e+00   1.6300000e+02   1.7160000e+01   0.0000000e+00   2.1620000e+01   1.1980000e+02   2.2430000e+03   0.0000000e+00
   1.1560000e+02   6.0390000e+01   1.0360000e+02   0.0000000e+00   0.0000000e+00   0.0000000e+00   1.0290000e+00   2.1750000e+02   0.0000000e+00  -2.9850000e+01   0.0000000e+00   2.3680000e+01   4.5570000e+02   0.0000000e+00   0.0000000e+00   6.3000000e+02  -1.3040000e+01   2.1620000e+01   0.0000000e+00  -3.9290000e+02   0.0000000e+00   0.0000000e+00
   1.7710000e+02   0.0000000e+00   3.9120000e+01   0.0000000e+00   0.0000000e+00   0.0000000e+00   6.1770000e+00   3.4310000e+00   0.0000000e+00   5.1470000e+01  -2.9170000e+01   8.7850000e+01   0.0000000e+00   0.0000000e+00   0.0000000e+00   4.8310000e+02  -4.4950000e+01   1.1980000e+02  -3.9290000e+02   0.0000000e+00   0.0000000e+00   0.0000000e+00
   3.5570000e+03   4.3240000e+03   9.7140000e+02   0.0000000e+00   2.2650000e+03   2.3330000e+03   2.2680000e+03   5.4350000e+02   1.3400000e+03   4.2110000e+03   2.4400000e+02   5.5930000e+02   2.5740000e+03   6.0390000e+02   3.0880000e+01   8.3080000e+02   1.6320000e+03   2.2430000e+03   0.0000000e+00   0.0000000e+00   0.0000000e+00   0.0000000e+00
   2.2000000e+04  -6.5620000e+03   0.0000000e+00   0.0000000e+00   0.0000000e+00   0.0000000e+00  -7.3260000e+03  -4.1310000e+03  -4.1310000e+03   0.0000000e+00   0.0000000e+00   0.0000000e+00   0.0000000e+00   0.0000000e+00   0.0000000e+00   0.0000000e+00   0.0000000e+00   0.0000000e+00   0.0000000e+00   0.0000000e+00   0.0000000e+00   0.0000000e+00
   0.0000000e+00   1.6570000e+02   3.8880000e+02   8.0430000e+02  -3.5000000e+01  -2.9510000e+01   1.4610000e+02   4.1860000e+01   4.1860000e+01   9.5900000e+01   2.3160000e+02   2.6900000e+02   8.7190000e+01   2.4120000e+02   2.1090000e+03   3.1740000e+02   3.9120000e+01   1.4240000e+02   1.1840000e+02   3.5890000e+02   1.1195000e+04   2.2000000e+03
   1.6570000e+02   0.0000000e+00   7.9610000e+01   3.1500000e+02   1.0840000e+02   8.4760000e+01   5.8170000e+01   1.4480000e+02   1.4480000e+02   2.8370000e+01  -3.1950000e+02   2.5460000e+02   2.0280000e+02   1.3830000e+02   6.2730000e+02   1.4720000e+02   7.8580000e+01   2.9510000e+01   2.7280000e+02  -7.2060000e+00   1.2126000e+04  -1.3124000e+03
   3.8880000e+02   7.9610000e+01   0.0000000e+00  -2.5080000e+02   3.0160000e+02   3.5210000e+02   1.9180000e+02  -3.3970000e+01  -3.3970000e+01  -9.0930000e+01  -5.1470000e+01   7.6210000e+02   5.2190000e+02   3.0780000e+02   5.1470000e+02   7.2640000e+02   1.1800000e+02   1.5890000e+02   4.3060000e+02   1.0380000e+03   5.6760000e+02   0.0000000e+00
   8.0430000e+02   3.1500000e+02  -2.5080000e+02   0.0000000e+00   5.3150000e+02   2.0380000e+02   6.1320000e+02  -3.2600000e+02  -3.2600000e+02   6.0190000e+02  -1.0950000e+02   3.4620000e+02   7.7260000e+02  -1.4310000e+02   1.5440000e+03   1.8120000e+03  -2.4810000e+02  -2.8450000e+02   0.0000000e+00   0.0000000e+00   0.0000000e+00   0.0000000e+00
  -3.5000000e+01   1.0840000e+02   3.0160000e+02   5.3150000e+02   0.0000000e+00   6.8630000e+00   1.6750000e+02   4.6430000e+02   4.6430000e+02   2.6420000e+01   2.5530000e+02   1.9420000e+02   3.7200000e+01   2.8890000e+02   1.4960000e+03   9.2990000e+01   3.0200000e+01   1.1050000e+02   0.0000000e+00   0.0000000e+00   4.7220000e+03   0.0000000e+00
  -2.9510000e+01   8.4760000e+01   3.5210000e+02   2.0380000e+02   6.8630000e+00   0.0000000e+00   5.0790000e+01   1.3040000e+01   1.3040000e+01   7.6860000e+01  -5.2840000e+01   2.3950000e+02   8.4920000e+01   2.1710000e+02   0.0000000e+00   1.5000000e+02   1.9220000e+01   5.0440000e+01   0.0000000e+00   0.0000000e+00   5.1470000e+03   0.0000000e+00
   1.4610000e+02   5.8170000e+01   1.9180000e+02   6.1320000e+02   1.6750000e+02   5.0790000e+01   0.0000000e+00   2.0250000e+01   2.0250000e+01   6.9320000e+01  -7.8920000e+02   1.6130000e+02   4.9060000e+02   1.3040000e+01   3.9200000e+02   1.7500000e+02   9.4020000e+01  -7.5490000e+00  -1.6810000e+01   5.4900000e+00   6.2180000e+03  -7.3260000e+02
   4.1860000e+01   1.4480000e+02  -3.3970000e+01  -3.2600000e+02   4.6430000e+02   1.3040000e+01   2.0250000e+01   0.0000000e+00   0.0000000e+00   9.5390000e+01  -2.8650000e+02   6.3760000e+02   1.8920000e+03  -8.5790000e+00   1.0940000e+03   1.2010000e+03   1.2520000e+02   3.6720000e+01  -1.7020000e+02  -3.7750000e+01   4.1180000e+02  -8.2620000e+02
   4.1860000e+01   1.4480000e+02  -3.3970000e+01  -3.2600000e+02   4.6430000e+02   1.3040000e+01   2.0250000e+01   0.0000000e+00   0.0000000e+00   9.5390000e+01  -2.8650000e+02   4.4440000e+02   1.8920000e+03  -8.5790000e+00   1.0940000e+03   1.4760000e+03   3.8200000e+03   0.0000000e+00   0.0000000e+00   0.0000000e+00  -6.5880000e+01  -8.2620000e+02
   9.5900000e+01   2.8370000e+01  -9.0930000e+01   6.0190000e+02   2.6420000e+01   7.6860000e+01   6.9320000e+01   9.5390000e+01   9.5390000e+01   0.0000000e+00  -8.9110000e+02   2.2580000e+02   5.4660000e+02   1.6300000e+02   5.4900000e+02   1.6750000e+02   5.2500000e+01   4.5470000e+02  -1.4930000e+02   2.5460000e+02   1.3031000e+04   0.0000000e+00
   2.3160000e+02  -3.1950000e+02  -5.1470000e+01  -1.0950000e+02   2.5530000e+02  -5.2840000e+01  -7.8920000e+02  -2.8650000e+02  -2.8650000e+02  -8.9110000e+02   0.0000000e+00   8.2010000e+01   2.4980000e+02  -1.4760000e+02  -3.0880000e+02  -2.2580000e+02  -6.8840000e+02   0.0000000e+00   0.0000000e+00  -1.4580000e+02  -6.0390000e+01   0.0000000e+00
   2.6900000e+02   2.5460000e+02   7.6210000e+02   3.4620000e+02   1.9420000e+02   2.3950000e+02   1.6130000e+02   6.3760000e+02   4.4440000e+02   2.2580000e+02   8.2010000e+01   0.0000000e+00   2.2140000e+02   2.0140000e+02   8.9960000e+02   2.6830000e+02   1.1530000e+02   2.1030000e+02  -1.8600000e+02   9.4370000e+01   2.7790000e+02   0.0000000e+00
   8.7190000e+01   2.0280000e+02   5.2190000e+02   7.7260000e+02   3.7200000e+01   8.4920000e+01   4.9060000e+02   1.8920000e+03   1.8920000e+03   5.4660000e+02   2.4980000e+02   2.2140000e+02   0.0000000e+00   5.5010000e+02   1.8720000e+03   7.0100000e+01   1.0910000e+02   2.8550000e+02   3.0540000e+01   0.0000000e+00   5.4900000e+03   0.0000000e+00
   2.4120000e+02   1.3830000e+02   3.0780000e+02  -1.4310000e+02   2.8890000e+02   2.1710000e+02   1.3040000e+01  -8.5790000e+00  -8.5790000e+00   1.6300000e+02  -1.4760000e+02   2.0140000e+02   5.5010000e+02   0.0000000e+00   1.5610000e+02   8.2350000e+02   0.0000000e+00   0.0000000e+00   0.0000000e+00   0.0000000e+00   5.9910000e+02   0.0000000e+00
   2.1090000e+03   6.2730000e+02   5.1470000e+02   1.5440000e+03   1.4960000e+03   0.0000000e+00   3.9200000e+02   1.0940000e+03   1.0940000e+03   5.4900000e+02  -3.0880000e+02   8.9960000e+02   1.8720000e+03   1.5610000e+02   0.0000000e+00   0.0000000e+00   0.0000000e+00   0.0000000e+00   0.0000000e+00   0.0000000e+00  -1.1360000e+02   0.0000000e+00
   3.1740000e+02   1.4720000e+02   7.2640000e+02   1.8120000e+03   9.2990000e+01   1.5000000e+02   1.7500000e+02   1.2010000e+03   1.4760000e+03   1.6750000e+02  -2.2580000e+02   2.6830000e+02   7.0100000e+01   8.2350000e+02   0.0000000e+00   0.0000000e+00   1.6510000e+02   3.2220000e+02   5.7310000e+02   2.4170000e+03  -1.3790000e+02   0.0000000e+00
   3.9120000e+01   7.8580000e+01   1.1800000e+02  -2.4810000e+02   3.0200000e+01   1.9220000e+01   9.4020000e+01   1.2520000e+02   3.8200000e+03   5.2500000e+01  -6.8840000e+02   1.1530000e+02   1.0910000e+02   0.0000000e+00   0.0000000e+00   1.6510000e+02   0.0000000e+00   3.6720000e+01   6.5200000e+01   2.2480000e+02   1.6120000e+03   0.0000000e+00
   1.4240000e+02   2.9510000e+01   1.5890000e+02  -2.8450000e+02   1.1050000e+02   5.0440000e+01  -7.5490000e+00   3.6720000e+01   0.0000000e+00   4.5470000e+02   0.0000000e+00   2.1030000e+02   2.8550000e+02   0.0000000e+00   0.0000000e+00   3.2220000e+02   3.6720000e+01   0.0000000e+00   1.3490000e+02  -7.2060000e+01   5.1990000e+03   0.0000000e+00
   1.1840000e+02   2.7280000e+02   4.3060000e+02   0.0000000e+00   0.0000000e+00   0.0000000e+00  -1.6810000e+01  -1.7020000e+02   0.0000000e+00  -1.4930000e+02   0.0000000e+00  -1.8600000e+02   3.0540000e+01   0.0000000e+00   0.0000000e+00   5.7310000e+02   6.5200000e+01   1.3490000e+02   0.0000000e+00  -1.9730000e+02   0.0000000e+00   0.0000000e+00
   3.5890000e+02  -7.2060000e+00   1.0380000e+03   0.0000000e+00   0.0000000e+00   0.0000000e+00   5.4900000e+00  -3.7750000e+01   0.0000000e+00   2.5460000e+02  -1.4580000e+02   9.4370000e+01   0.0000000e+00   0.0000000e+00   0.0000000e+00   2.4170000e+03   2.2480000e+02  -7.2060000e+01  -1.9730000e+02   0.0000000e+00   0.0000000e+00   0.0000000e+00
   1.1195000e+04   1.2126000e+04   5.6760000e+02   0.0000000e+00   4.7220000e+03   5.1470000e+03   6.2180000e+03   4.1180000e+02  -6.5880000e+01   1.3031000e+04  -6.0390000e+01   2.7790000e+02   5.4900000e+03   5.9910000e+02  -1.1360000e+02  -1.3790000e+02   1.6120000e+03   5.1990000e+03   0.0000000e+00   0.0000000e+00   0.0000000e+00   0.0000000e+00
   2.2000000e+03  -1.3124000e+03   0.0000000e+00   0.0000000e+00   0.0000000e+00   0.0000000e+00  -7.3260000e+02  -8.2620000e+02  -8.2620000e+02   0.0000000e+00   0.0000000e+00   0.0000000e+00   0.0000000e+00   0.0000000e+00   0.0000000e+00   0.0000000e+00   0.0000000e+00   0.0000000e+00   0.0000000e+00   0.0000000e+00   0.0000000e+00   0.0000000e+00
