0.000000  -0.002437  0.323910  -0.002437  0.000000  0.380247  0.323910  0.380247  0.000000  
0.000000  -0.002432  0.323068  -0.002432  0.000000  0.379601  0.323068  0.379601  0.000000  
0.000000  -0.002427  0.322226  -0.002427  0.000000  0.378955  0.322226  0.378955  0.000000  
0.000000  -0.002422  0.321383  -0.002422  0.000000  0.378310  0.321383  0.378310  0.000000  
0.000000  -0.002416  0.320541  -0.002416  0.000000  0.377664  0.320541  0.377664  0.000000  
0.000000  -0.002411  0.319699  -0.002411  0.000000  0.377018  0.319699  0.377018  0.000000  
0.000000  -0.002405  0.318856  -0.002405  0.000000  0.376372  0.318856  0.376372  0.000000  
0.000000  -0.002400  0.318014  -0.002400  0.000000  0.375727  0.318014  0.375727  0.000000  
0.000000  -0.002394  0.317172  -0.002394  0.000000  0.375081  0.317172  0.375081  0.000000  
0.000000  -0.002389  0.316329  -0.002389  0.000000  0.374435  0.316329  0.374435  0.000000  
0.000000  -0.002383  0.315487  -0.002383  0.000000  0.373790  0.315487  0.373790  0.000000  
0.000000  -0.002377  0.314645  -0.002377  0.000000  0.373144  0.314645  0.373144  0.000000  
0.000000  -0.002371  0.313802  -0.002371  0.000000  0.372498  0.313802  0.372498  0.000000  
0.000000  -0.002365  0.312960  -0.002365  0.000000  0.371853  0.312960  0.371853  0.000000  
0.000000  -0.002359  0.312118  -0.002359  0.000000  0.371207  0.312118  0.371207  0.000000  
0.000000  -0.002353  0.311275  -0.002353  0.000000  0.370561  0.311275  0.370561  0.000000  
0.000000  -0.002347  0.310433  -0.002347  0.000000  0.369915  0.310433  0.369915  0.000000  
0.000000  -0.002340  0.309591  -0.002340  0.000000  0.369270  0.309591  0.369270  0.000000  
0.000000  -0.002334  0.308748  -0.002334  0.000000  0.368624  0.308748  0.368624  0.000000  
0.000000  -0.002328  0.307906  -0.002328  0.000000  0.367978  0.307906  0.367978  0.000000  
0.000000  -0.002321  0.307064  -0.002321  0.000000  0.367333  0.307064  0.367333  0.000000  
0.000000  -0.002314  0.306221  -0.002314  0.000000  0.366687  0.306221  0.366687  0.000000  
0.000000  -0.002308  0.305379  -0.002308  0.000000  0.366041  0.305379  0.366041  0.000000  
0.000000  -0.002301  0.304537  -0.002301  0.000000  0.365395  0.304537  0.365395  0.000000  
0.000000  -0.002294  0.303694  -0.002294  0.000000  0.364750  0.303694  0.364750  0.000000  
0.000000  -0.002287  0.302852  -0.002287  0.000000  0.364104  0.302852  0.364104  0.000000  
0.000000  -0.002280  0.302010  -0.002280  0.000000  0.363458  0.302010  0.363458  0.000000  
0.000000  -0.002273  0.301168  -0.002273  0.000000  0.362813  0.301168  0.362813  0.000000  
0.000000  -0.002266  0.300325  -0.002266  0.000000  0.362167  0.300325  0.362167  0.000000  
0.000000  -0.002259  0.299483  -0.002259  0.000000  0.361521  0.299483  0.361521  0.000000  
0.000000  -0.002251  0.298641  -0.002251  0.000000  0.360876  0.298641  0.360876  0.000000  
0.000000  -0.002244  0.297798  -0.002244  0.000000  0.360230  0.297798  0.360230  0.000000  
0.000000  -0.002236  0.296956  -0.002236  0.000000  0.359584  0.296956  0.359584  0.000000  
0.000000  -0.002229  0.296114  -0.002229  0.000000  0.358938  0.296114  0.358938  0.000000  
0.000000  -0.002221  0.295271  -0.002221  0.000000  0.358293  0.295271  0.358293  0.000000  
0.000000  -0.002213  0.294429  -0.002213  0.000000  0.357647  0.294429  0.357647  0.000000  
0.000000  -0.002205  0.293587  -0.002205  0.000000  0.357001  0.293587  0.357001  0.000000  
0.000000  -0.002197  0.292744  -0.002197  0.000000  0.356356  0.292744  0.356356  0.000000  
0.000000  -0.002189  0.291902  -0.002189  0.000000  0.355710  0.291902  0.355710  0.000000  
0.000000  -0.002181  0.291060  -0.002181  0.000000  0.355064  0.291060  0.355064  0.000000  
0.000000  -0.002173  0.290217  -0.002173  0.000000  0.354418  0.290217  0.354418  0.000000  
0.000000  -0.002164  0.289375  -0.002164  0.000000  0.353773  0.289375  0.353773  0.000000  
0.000000  -0.002156  0.288533  -0.002156  0.000000  0.353127  0.288533  0.353127  0.000000  
0.000000  -0.002147  0.287690  -0.002147  0.000000  0.352481  0.287690  0.352481  0.000000  
0.000000  -0.002138  0.286848  -0.002138  0.000000  0.351836  0.286848  0.351836  0.000000  
0.000000  -0.002129  0.286006  -0.002129  0.000000  0.351190  0.286006  0.351190  0.000000  
0.000000  -0.002120  0.285163  -0.002120  0.000000  0.350544  0.285163  0.350544  0.000000  
0.000000  -0.002111  0.284321  -0.002111  0.000000  0.349899  0.284321  0.349899  0.000000  
0.000000  -0.002102  0.283479  -0.002102  0.000000  0.349253  0.283479  0.349253  0.000000  
0.000000  -0.002093  0.282636  -0.002093  0.000000  0.348607  0.282636  0.348607  0.000000  
0.000000  -0.002084  0.281794  -0.002084  0.000000  0.347961  0.281794  0.347961  0.000000  
0.000000  -0.002074  0.280952  -0.002074  0.000000  0.347316  0.280952  0.347316  0.000000  
0.000000  -0.002064  0.280109  -0.002064  0.000000  0.346670  0.280109  0.346670  0.000000  
0.000000  -0.002055  0.279267  -0.002055  0.000000  0.346024  0.279267  0.346024  0.000000  
0.000000  -0.002045  0.278425  -0.002045  0.000000  0.345379  0.278425  0.345379  0.000000  
0.000000  -0.002035  0.277582  -0.002035  0.000000  0.344733  0.277582  0.344733  0.000000  
0.000000  -0.002025  0.276740  -0.002025  0.000000  0.344087  0.276740  0.344087  0.000000  
0.000000  -0.002015  0.275898  -0.002015  0.000000  0.343441  0.275898  0.343441  0.000000  
0.000000  -0.002004  0.275055  -0.002004  0.000000  0.342796  0.275055  0.342796  0.000000  
0.000000  -0.001994  0.274213  -0.001994  0.000000  0.342150  0.274213  0.342150  0.000000  
0.000000  -0.001983  0.273371  -0.001983  0.000000  0.341504  0.273371  0.341504  0.000000  
0.000000  -0.001973  0.272528  -0.001973  0.000000  0.340859  0.272528  0.340859  0.000000  
0.000000  -0.001962  0.271686  -0.001962  0.000000  0.340213  0.271686  0.340213  0.000000  
0.000000  -0.001951  0.270844  -0.001951  0.000000  0.339567  0.270844  0.339567  0.000000  
0.000000  -0.001940  0.270001  -0.001940  0.000000  0.338922  0.270001  0.338922  0.000000  
0.000000  -0.001928  0.269159  -0.001928  0.000000  0.338276  0.269159  0.338276  0.000000  
0.000000  -0.001917  0.268317  -0.001917  0.000000  0.337630  0.268317  0.337630  0.000000  
0.000000  -0.001906  0.267474  -0.001906  0.000000  0.336984  0.267474  0.336984  0.000000  
0.000000  -0.001894  0.266632  -0.001894  0.000000  0.336339  0.266632  0.336339  0.000000  
0.000000  -0.001882  0.265790  -0.001882  0.000000  0.335693  0.265790  0.335693  0.000000  
0.000000  -0.001870  0.264947  -0.001870  0.000000  0.335047  0.264947  0.335047  0.000000  
0.000000  -0.001858  0.264105  -0.001858  0.000000  0.334402  0.264105  0.334402  0.000000  
0.000000  -0.001846  0.263263  -0.001846  0.000000  0.333756  0.263263  0.333756  0.000000  
0.000000  -0.001833  0.262420  -0.001833  0.000000  0.333110  0.262420  0.333110  0.000000  
0.000000  -0.001821  0.261578  -0.001821  0.000000  0.332464  0.261578  0.332464  0.000000  
0.000000  -0.001808  0.260736  -0.001808  0.000000  0.331819  0.260736  0.331819  0.000000  
0.000000  -0.001796  0.259893  -0.001796  0.000000  0.331173  0.259893  0.331173  0.000000  
0.000000  -0.001783  0.259051  -0.001783  0.000000  0.330527  0.259051  0.330527  0.000000  
0.000000  -0.001769  0.258209  -0.001769  0.000000  0.329882  0.258209  0.329882  0.000000  
0.000000  -0.001756  0.257366  -0.001756  0.000000  0.329236  0.257366  0.329236  0.000000  
0.000000  -0.001743  0.256524  -0.001743  0.000000  0.328590  0.256524  0.328590  0.000000  
0.000000  -0.001729  0.255682  -0.001729  0.000000  0.327945  0.255682  0.327945  0.000000  
0.000000  -0.001715  0.254839  -0.001715  0.000000  0.327299  0.254839  0.327299  0.000000  
0.000000  -0.001702  0.253997  -0.001702  0.000000  0.326653  0.253997  0.326653  0.000000  
0.000000  -0.001687  0.253155  -0.001687  0.000000  0.326007  0.253155  0.326007  0.000000  
0.000000  -0.001673  0.252312  -0.001673  0.000000  0.325362  0.252312  0.325362  0.000000  
0.000000  -0.001659  0.251470  -0.001659  0.000000  0.324716  0.251470  0.324716  0.000000  
0.000000  -0.001644  0.250628  -0.001644  0.000000  0.324070  0.250628  0.324070  0.000000  
0.000000  -0.001629  0.249785  -0.001629  0.000000  0.323425  0.249785  0.323425  0.000000  
0.000000  -0.001615  0.248943  -0.001615  0.000000  0.322779  0.248943  0.322779  0.000000  
0.000000  -0.001599  0.248101  -0.001599  0.000000  0.322133  0.248101  0.322133  0.000000  
0.000000  -0.001584  0.247258  -0.001584  0.000000  0.321487  0.247258  0.321487  0.000000  
0.000000  -0.001569  0.246416  -0.001569  0.000000  0.320842  0.246416  0.320842  0.000000  
0.000000  -0.001553  0.245574  -0.001553  0.000000  0.320196  0.245574  0.320196  0.000000  
0.000000  -0.001537  0.244731  -0.001537  0.000000  0.319550  0.244731  0.319550  0.000000  
0.000000  -0.001521  0.243889  -0.001521  0.000000  0.318905  0.243889  0.318905  0.000000  
0.000000  -0.001505  0.243047  -0.001505  0.000000  0.318259  0.243047  0.318259  0.000000  
0.000000  -0.001489  0.242204  -0.001489  0.000000  0.317613  0.242204  0.317613  0.000000  
0.000000  -0.001472  0.241362  -0.001472  0.000000  0.316968  0.241362  0.316968  0.000000  
0.000000  -0.001455  0.240520  -0.001455  0.000000  0.316322  0.240520  0.316322  0.000000  
0.000000  -0.001438  0.239677  -0.001438  0.000000  0.315676  0.239677  0.315676  0.000000  
0.000000  -0.001421  0.238835  -0.001421  0.000000  0.315030  0.238835  0.315030  0.000000  
0.000000  -0.001404  0.237993  -0.001404  0.000000  0.314385  0.237993  0.314385  0.000000  
0.000000  -0.001388  0.237151  -0.001388  0.000000  0.313739  0.237151  0.313739  0.000000  
0.000000  -0.001371  0.236308  -0.001371  0.000000  0.313093  0.236308  0.313093  0.000000  
0.000000  -0.001354  0.235466  -0.001354  0.000000  0.312448  0.235466  0.312448  0.000000  
0.000000  -0.001337  0.234624  -0.001337  0.000000  0.311802  0.234624  0.311802  0.000000  
0.000000  -0.001320  0.233781  -0.001320  0.000000  0.311156  0.233781  0.311156  0.000000  
0.000000  -0.001303  0.232939  -0.001303  0.000000  0.310510  0.232939  0.310510  0.000000  
0.000000  -0.001286  0.232097  -0.001286  0.000000  0.309865  0.232097  0.309865  0.000000  
0.000000  -0.001269  0.231254  -0.001269  0.000000  0.309219  0.231254  0.309219  0.000000  
0.000000  -0.001252  0.230412  -0.001252  0.000000  0.308573  0.230412  0.308573  0.000000  
0.000000  -0.001235  0.229570  -0.001235  0.000000  0.307928  0.229570  0.307928  0.000000  
0.000000  -0.001218  0.228727  -0.001218  0.000000  0.307282  0.228727  0.307282  0.000000  
0.000000  -0.001201  0.227885  -0.001201  0.000000  0.306636  0.227885  0.306636  0.000000  
0.000000  -0.001184  0.227043  -0.001184  0.000000  0.305991  0.227043  0.305991  0.000000  
0.000000  -0.001167  0.226200  -0.001167  0.000000  0.305345  0.226200  0.305345  0.000000  
0.000000  -0.001150  0.225358  -0.001150  0.000000  0.304699  0.225358  0.304699  0.000000  
0.000000  -0.001133  0.224516  -0.001133  0.000000  0.304053  0.224516  0.304053  0.000000  
0.000000  -0.001116  0.223673  -0.001116  0.000000  0.303408  0.223673  0.303408  0.000000  
0.000000  -0.001099  0.222831  -0.001099  0.000000  0.302762  0.222831  0.302762  0.000000  
0.000000  -0.001082  0.221989  -0.001082  0.000000  0.302116  0.221989  0.302116  0.000000  
0.000000  -0.001065  0.221146  -0.001065  0.000000  0.301471  0.221146  0.301471  0.000000  
0.000000  -0.001048  0.220304  -0.001048  0.000000  0.300825  0.220304  0.300825  0.000000  
0.000000  -0.001031  0.219462  -0.001031  0.000000  0.300179  0.219462  0.300179  0.000000  
0.000000  -0.001015  0.218619  -0.001015  0.000000  0.299533  0.218619  0.299533  0.000000  
0.000000  -0.000998  0.217777  -0.000998  0.000000  0.298888  0.217777  0.298888  0.000000  
0.000000  -0.000981  0.216935  -0.000981  0.000000  0.298242  0.216935  0.298242  0.000000  
0.000000  -0.000964  0.216092  -0.000964  0.000000  0.297596  0.216092  0.297596  0.000000  
0.000000  -0.000947  0.215250  -0.000947  0.000000  0.296951  0.215250  0.296951  0.000000  
0.000000  -0.000930  0.214408  -0.000930  0.000000  0.296305  0.214408  0.296305  0.000000  
0.000000  -0.000913  0.213565  -0.000913  0.000000  0.295659  0.213565  0.295659  0.000000  
0.000000  -0.000896  0.212723  -0.000896  0.000000  0.295014  0.212723  0.295014  0.000000  
0.000000  -0.000879  0.211881  -0.000879  0.000000  0.294368  0.211881  0.294368  0.000000  
0.000000  -0.000862  0.211038  -0.000862  0.000000  0.293722  0.211038  0.293722  0.000000  
0.000000  -0.000845  0.210196  -0.000845  0.000000  0.293076  0.210196  0.293076  0.000000  
0.000000  -0.000828  0.209354  -0.000828  0.000000  0.292431  0.209354  0.292431  0.000000  
0.000000  -0.000811  0.208511  -0.000811  0.000000  0.291785  0.208511  0.291785  0.000000  
0.000000  -0.000794  0.207669  -0.000794  0.000000  0.291139  0.207669  0.291139  0.000000  
0.000000  -0.000777  0.206827  -0.000777  0.000000  0.290494  0.206827  0.290494  0.000000  
0.000000  -0.000760  0.205984  -0.000760  0.000000  0.289848  0.205984  0.289848  0.000000  
0.000000  -0.000743  0.205142  -0.000743  0.000000  0.289202  0.205142  0.289202  0.000000  
0.000000  -0.000726  0.204300  -0.000726  0.000000  0.288556  0.204300  0.288556  0.000000  
0.000000  -0.000709  0.203457  -0.000709  0.000000  0.287911  0.203457  0.287911  0.000000  
0.000000  -0.000692  0.202615  -0.000692  0.000000  0.287265  0.202615  0.287265  0.000000  
0.000000  -0.000675  0.201773  -0.000675  0.000000  0.286619  0.201773  0.286619  0.000000  
0.000000  -0.000658  0.200930  -0.000658  0.000000  0.285974  0.200930  0.285974  0.000000  
0.000000  -0.000642  0.200088  -0.000642  0.000000  0.285328  0.200088  0.285328  0.000000  
0.000000  -0.000625  0.199246  -0.000625  0.000000  0.284682  0.199246  0.284682  0.000000  
0.000000  -0.000608  0.198403  -0.000608  0.000000  0.284036  0.198403  0.284036  0.000000  
0.000000  -0.000591  0.197561  -0.000591  0.000000  0.283391  0.197561  0.283391  0.000000  
0.000000  -0.000574  0.196719  -0.000574  0.000000  0.282745  0.196719  0.282745  0.000000  
0.000000  -0.000557  0.195876  -0.000557  0.000000  0.282099  0.195876  0.282099  0.000000  
0.000000  -0.000540  0.195034  -0.000540  0.000000  0.281454  0.195034  0.281454  0.000000  
0.000000  -0.000523  0.194192  -0.000523  0.000000  0.280808  0.194192  0.280808  0.000000  
0.000000  -0.000506  0.193349  -0.000506  0.000000  0.280162  0.193349  0.280162  0.000000  
0.000000  -0.000489  0.192507  -0.000489  0.000000  0.279517  0.192507  0.279517  0.000000  
0.000000  -0.000472  0.191665  -0.000472  0.000000  0.278871  0.191665  0.278871  0.000000  
0.000000  -0.000455  0.190822  -0.000455  0.000000  0.278225  0.190822  0.278225  0.000000  
0.000000  -0.000438  0.189980  -0.000438  0.000000  0.277579  0.189980  0.277579  0.000000  
0.000000  -0.000421  0.189138  -0.000421  0.000000  0.276934  0.189138  0.276934  0.000000  
0.000000  -0.000404  0.188295  -0.000404  0.000000  0.276288  0.188295  0.276288  0.000000  
0.000000  -0.000387  0.187453  -0.000387  0.000000  0.275642  0.187453  0.275642  0.000000  
0.000000  -0.000370  0.186611  -0.000370  0.000000  0.274997  0.186611  0.274997  0.000000  
0.000000  -0.000353  0.185768  -0.000353  0.000000  0.274351  0.185768  0.274351  0.000000  
0.000000  -0.000336  0.184926  -0.000336  0.000000  0.273705  0.184926  0.273705  0.000000  
0.000000  -0.000319  0.184084  -0.000319  0.000000  0.273059  0.184084  0.273059  0.000000  
0.000000  -0.000302  0.183241  -0.000302  0.000000  0.272414  0.183241  0.272414  0.000000  
0.000000  -0.000285  0.182399  -0.000285  0.000000  0.271768  0.182399  0.271768  0.000000  
0.000000  -0.000269  0.181557  -0.000269  0.000000  0.271122  0.181557  0.271122  0.000000  
0.000000  -0.000252  0.180714  -0.000252  0.000000  0.270477  0.180714  0.270477  0.000000  
0.000000  -0.000235  0.179872  -0.000235  0.000000  0.269831  0.179872  0.269831  0.000000  
0.000000  -0.000218  0.179030  -0.000218  0.000000  0.269185  0.179030  0.269185  0.000000  
0.000000  -0.000201  0.178187  -0.000201  0.000000  0.268540  0.178187  0.268540  0.000000  
0.000000  -0.000184  0.177345  -0.000184  0.000000  0.267894  0.177345  0.267894  0.000000  
0.000000  -0.000167  0.176503  -0.000167  0.000000  0.267248  0.176503  0.267248  0.000000  
0.000000  -0.000150  0.175660  -0.000150  0.000000  0.266602  0.175660  0.266602  0.000000  
0.000000  -0.000133  0.174818  -0.000133  0.000000  0.265957  0.174818  0.265957  0.000000  
0.000000  -0.000116  0.173976  -0.000116  0.000000  0.265311  0.173976  0.265311  0.000000  
0.000000  -0.000099  0.173134  -0.000099  0.000000  0.264665  0.173134  0.264665  0.000000  
0.000000  -0.000082  0.172291  -0.000082  0.000000  0.264020  0.172291  0.264020  0.000000  
0.000000  -0.000065  0.171449  -0.000065  0.000000  0.263374  0.171449  0.263374  0.000000  
0.000000  -0.000048  0.170607  -0.000048  0.000000  0.262728  0.170607  0.262728  0.000000  
0.000000  -0.000031  0.169764  -0.000031  0.000000  0.262082  0.169764  0.262082  0.000000  
0.000000  -0.000014  0.168922  -0.000014  0.000000  0.261437  0.168922  0.261437  0.000000  
0.000000  0.000003  0.168080  0.000003  0.000000  0.260791  0.168080  0.260791  0.000000  
0.000000  0.000020  0.167237  0.000020  0.000000  0.260145  0.167237  0.260145  0.000000  
0.000000  0.000037  0.166395  0.000037  0.000000  0.259500  0.166395  0.259500  0.000000  
0.000000  0.000054  0.165553  0.000054  0.000000  0.258854  0.165553  0.258854  0.000000  
0.000000  0.000071  0.164710  0.000071  0.000000  0.258208  0.164710  0.258208  0.000000  
0.000000  0.000088  0.163868  0.000088  0.000000  0.257563  0.163868  0.257563  0.000000  
0.000000  0.000104  0.163026  0.000104  0.000000  0.256917  0.163026  0.256917  0.000000  
0.000000  0.000121  0.162183  0.000121  0.000000  0.256271  0.162183  0.256271  0.000000  
0.000000  0.000138  0.161341  0.000138  0.000000  0.255625  0.161341  0.255625  0.000000  
0.000000  0.000155  0.160499  0.000155  0.000000  0.254980  0.160499  0.254980  0.000000  
0.000000  0.000172  0.159656  0.000172  0.000000  0.254334  0.159656  0.254334  0.000000  
0.000000  0.000189  0.158814  0.000189  0.000000  0.253688  0.158814  0.253688  0.000000  
0.000000  0.000206  0.157972  0.000206  0.000000  0.253043  0.157972  0.253043  0.000000  
0.000000  0.000223  0.157129  0.000223  0.000000  0.252397  0.157129  0.252397  0.000000  
0.000000  0.000240  0.156287  0.000240  0.000000  0.251751  0.156287  0.251751  0.000000  
0.000000  0.000257  0.155445  0.000257  0.000000  0.251105  0.155445  0.251105  0.000000  
0.000000  0.000274  0.154602  0.000274  0.000000  0.250460  0.154602  0.250460  0.000000  
0.000000  0.000291  0.153760  0.000291  0.000000  0.249814  0.153760  0.249814  0.000000  
0.000000  0.000308  0.152918  0.000308  0.000000  0.249168  0.152918  0.249168  0.000000  
0.000000  0.000325  0.152075  0.000325  0.000000  0.248523  0.152075  0.248523  0.000000  
0.000000  0.000342  0.151233  0.000342  0.000000  0.247877  0.151233  0.247877  0.000000  
0.000000  0.000359  0.150391  0.000359  0.000000  0.247231  0.150391  0.247231  0.000000  
0.000000  0.000376  0.149548  0.000376  0.000000  0.246586  0.149548  0.246586  0.000000  
0.000000  0.000393  0.148706  0.000393  0.000000  0.245940  0.148706  0.245940  0.000000  
0.000000  0.000410  0.147864  0.000410  0.000000  0.245294  0.147864  0.245294  0.000000  
0.000000  0.000427  0.147021  0.000427  0.000000  0.244648  0.147021  0.244648  0.000000  
0.000000  0.000444  0.146179  0.000444  0.000000  0.244003  0.146179  0.244003  0.000000  
0.000000  0.000461  0.145337  0.000461  0.000000  0.243357  0.145337  0.243357  0.000000  
0.000000  0.000477  0.144494  0.000477  0.000000  0.242711  0.144494  0.242711  0.000000  
0.000000  0.000494  0.143652  0.000494  0.000000  0.242066  0.143652  0.242066  0.000000  
0.000000  0.000511  0.142810  0.000511  0.000000  0.241420  0.142810  0.241420  0.000000  
0.000000  0.000528  0.141967  0.000528  0.000000  0.240774  0.141967  0.240774  0.000000  
0.000000  0.000545  0.141125  0.000545  0.000000  0.240128  0.141125  0.240128  0.000000  
0.000000  0.000562  0.140283  0.000562  0.000000  0.239483  0.140283  0.239483  0.000000  
0.000000  0.000579  0.139440  0.000579  0.000000  0.238837  0.139440  0.238837  0.000000  
0.000000  0.000596  0.138598  0.000596  0.000000  0.238191  0.138598  0.238191  0.000000  
0.000000  0.000613  0.137756  0.000613  0.000000  0.237546  0.137756  0.237546  0.000000  
0.000000  0.000630  0.136913  0.000630  0.000000  0.236900  0.136913  0.236900  0.000000  
0.000000  0.000647  0.136071  0.000647  0.000000  0.236254  0.136071  0.236254  0.000000  
0.000000  0.000664  0.135229  0.000664  0.000000  0.235609  0.135229  0.235609  0.000000  
0.000000  0.000681  0.134386  0.000681  0.000000  0.234963  0.134386  0.234963  0.000000  
0.000000  0.000698  0.133544  0.000698  0.000000  0.234317  0.133544  0.234317  0.000000  
0.000000  0.000715  0.132702  0.000715  0.000000  0.233671  0.132702  0.233671  0.000000  
0.000000  0.000732  0.131859  0.000732  0.000000  0.233026  0.131859  0.233026  0.000000  
0.000000  0.000749  0.131017  0.000749  0.000000  0.232380  0.131017  0.232380  0.000000  
0.000000  0.000766  0.130175  0.000766  0.000000  0.231734  0.130175  0.231734  0.000000  
0.000000  0.000783  0.129332  0.000783  0.000000  0.231089  0.129332  0.231089  0.000000  
0.000000  0.000800  0.128490  0.000800  0.000000  0.230443  0.128490  0.230443  0.000000  
0.000000  0.000817  0.127648  0.000817  0.000000  0.229797  0.127648  0.229797  0.000000  
0.000000  0.000834  0.126805  0.000834  0.000000  0.229151  0.126805  0.229151  0.000000  
0.000000  0.000850  0.125963  0.000850  0.000000  0.228506  0.125963  0.228506  0.000000  
0.000000  0.000867  0.125121  0.000867  0.000000  0.227860  0.125121  0.227860  0.000000  
0.000000  0.000884  0.124278  0.000884  0.000000  0.227214  0.124278  0.227214  0.000000  
0.000000  0.000901  0.123436  0.000901  0.000000  0.226569  0.123436  0.226569  0.000000  
0.000000  0.000918  0.122594  0.000918  0.000000  0.225923  0.122594  0.225923  0.000000  
0.000000  0.000935  0.121751  0.000935  0.000000  0.225277  0.121751  0.225277  0.000000  
0.000000  0.000952  0.120909  0.000952  0.000000  0.224632  0.120909  0.224632  0.000000  
0.000000  0.000969  0.120067  0.000969  0.000000  0.223986  0.120067  0.223986  0.000000  
0.000000  0.000986  0.119224  0.000986  0.000000  0.223340  0.119224  0.223340  0.000000  
0.000000  0.001003  0.118382  0.001003  0.000000  0.222694  0.118382  0.222694  0.000000  
0.000000  0.001020  0.117540  0.001020  0.000000  0.222049  0.117540  0.222049  0.000000  
0.000000  0.001037  0.116697  0.001037  0.000000  0.221403  0.116697  0.221403  0.000000  
0.000000  0.001054  0.115855  0.001054  0.000000  0.220757  0.115855  0.220757  0.000000  
0.000000  0.001071  0.115013  0.001071  0.000000  0.220112  0.115013  0.220112  0.000000  
0.000000  0.001088  0.114170  0.001088  0.000000  0.219466  0.114170  0.219466  0.000000  
0.000000  0.001105  0.113328  0.001105  0.000000  0.218820  0.113328  0.218820  0.000000  
0.000000  0.001122  0.112486  0.001122  0.000000  0.218174  0.112486  0.218174  0.000000  
0.000000  0.001139  0.111643  0.001139  0.000000  0.217529  0.111643  0.217529  0.000000  
0.000000  0.001156  0.110801  0.001156  0.000000  0.216883  0.110801  0.216883  0.000000  
0.000000  0.001173  0.109959  0.001173  0.000000  0.216237  0.109959  0.216237  0.000000  
0.000000  0.001190  0.109117  0.001190  0.000000  0.215592  0.109117  0.215592  0.000000  
0.000000  0.001207  0.108274  0.001207  0.000000  0.214946  0.108274  0.214946  0.000000  
0.000000  0.001224  0.107432  0.001224  0.000000  0.214300  0.107432  0.214300  0.000000  
0.000000  0.001240  0.106590  0.001240  0.000000  0.213655  0.106590  0.213655  0.000000  
0.000000  0.001257  0.105747  0.001257  0.000000  0.213009  0.105747  0.213009  0.000000  
0.000000  0.001274  0.104905  0.001274  0.000000  0.212363  0.104905  0.212363  0.000000  
0.000000  0.001291  0.104063  0.001291  0.000000  0.211717  0.104063  0.211717  0.000000  
0.000000  0.001308  0.103220  0.001308  0.000000  0.211072  0.103220  0.211072  0.000000  
0.000000  0.001325  0.102378  0.001325  0.000000  0.210426  0.102378  0.210426  0.000000  
0.000000  0.001342  0.101536  0.001342  0.000000  0.209780  0.101536  0.209780  0.000000  
0.000000  0.001359  0.100693  0.001359  0.000000  0.209135  0.100693  0.209135  0.000000  
0.000000  0.001376  0.099851  0.001376  0.000000  0.208489  0.099851  0.208489  0.000000  
0.000000  0.001393  0.099009  0.001393  0.000000  0.207843  0.099009  0.207843  0.000000  
0.000000  0.001410  0.098166  0.001410  0.000000  0.207197  0.098166  0.207197  0.000000  
0.000000  0.001427  0.097324  0.001427  0.000000  0.206552  0.097324  0.206552  0.000000  
0.000000  0.001444  0.096482  0.001444  0.000000  0.205906  0.096482  0.205906  0.000000  
0.000000  0.001461  0.095639  0.001461  0.000000  0.205260  0.095639  0.205260  0.000000  
0.000000  0.001478  0.094797  0.001478  0.000000  0.204615  0.094797  0.204615  0.000000  
0.000000  0.001495  0.093955  0.001495  0.000000  0.203969  0.093955  0.203969  0.000000  
0.000000  0.001512  0.093112  0.001512  0.000000  0.203323  0.093112  0.203323  0.000000  
0.000000  0.001529  0.092270  0.001529  0.000000  0.202678  0.092270  0.202678  0.000000  
0.000000  0.001546  0.091428  0.001546  0.000000  0.202032  0.091428  0.202032  0.000000  
0.000000  0.001563  0.090585  0.001563  0.000000  0.201386  0.090585  0.201386  0.000000  
0.000000  0.001580  0.089743  0.001580  0.000000  0.200740  0.089743  0.200740  0.000000  
0.000000  0.001597  0.088901  0.001597  0.000000  0.200095  0.088901  0.200095  0.000000  
0.000000  0.001613  0.088058  0.001613  0.000000  0.199449  0.088058  0.199449  0.000000  
0.000000  0.001630  0.087216  0.001630  0.000000  0.198803  0.087216  0.198803  0.000000  
0.000000  0.001647  0.086374  0.001647  0.000000  0.198158  0.086374  0.198158  0.000000  
0.000000  0.001664  0.085531  0.001664  0.000000  0.197512  0.085531  0.197512  0.000000  
0.000000  0.001681  0.084689  0.001681  0.000000  0.196866  0.084689  0.196866  0.000000  
0.000000  0.001698  0.083847  0.001698  0.000000  0.196220  0.083847  0.196220  0.000000  
0.000000  0.001715  0.083004  0.001715  0.000000  0.195575  0.083004  0.195575  0.000000  
0.000000  0.001732  0.082162  0.001732  0.000000  0.194929  0.082162  0.194929  0.000000  
0.000000  0.001749  0.081320  0.001749  0.000000  0.194283  0.081320  0.194283  0.000000  
0.000000  0.001766  0.080477  0.001766  0.000000  0.193638  0.080477  0.193638  0.000000  
0.000000  0.001783  0.079635  0.001783  0.000000  0.192992  0.079635  0.192992  0.000000  
0.000000  0.001800  0.078793  0.001800  0.000000  0.192346  0.078793  0.192346  0.000000  
0.000000  0.001817  0.077950  0.001817  0.000000  0.191701  0.077950  0.191701  0.000000  
0.000000  0.001834  0.077108  0.001834  0.000000  0.191055  0.077108  0.191055  0.000000  
0.000000  0.001851  0.076266  0.001851  0.000000  0.190409  0.076266  0.190409  0.000000  
0.000000  0.001868  0.075423  0.001868  0.000000  0.189763  0.075423  0.189763  0.000000  
0.000000  0.001885  0.074581  0.001885  0.000000  0.189118  0.074581  0.189118  0.000000  
0.000000  0.001902  0.073739  0.001902  0.000000  0.188472  0.073739  0.188472  0.000000  
0.000000  0.001919  0.072896  0.001919  0.000000  0.187826  0.072896  0.187826  0.000000  
0.000000  0.001936  0.072054  0.001936  0.000000  0.187181  0.072054  0.187181  0.000000  
0.000000  0.001953  0.071212  0.001953  0.000000  0.186535  0.071212  0.186535  0.000000  
